5.000	2.500
5.020	6.667
5.040	4.167
5.060	4.167
5.080	3.333
5.100	7.500
5.120	3.333
5.140	4.167
5.160	4.167
5.180	2.500
5.200	5.000
5.220	4.167
5.240	3.333
5.260	7.500
5.280	7.500
5.300	4.167
5.320	4.167
5.340	0.833
5.360	8.333
5.380	5.833
5.400	5.000
5.420	5.833
5.440	7.500
5.460	3.333
5.480	3.333
5.500	5.000
5.520	4.167
5.540	5.000
5.560	8.333
5.580	7.500
5.600	3.333
5.620	4.167
5.640	6.667
5.660	5.000
5.680	2.500
5.700	2.500
5.720	5.833
5.740	4.167
5.760	5.000
5.780	2.500
5.800	6.667
5.820	4.167
5.840	4.167
5.860	2.500
5.880	4.167
5.900	3.333
5.920	6.667
5.940	5.833
5.960	7.500
5.980	6.667
6.000	4.167
6.020	3.333
6.040	3.333
6.060	4.167
6.080	1.667
6.100	4.167
6.120	2.500
6.140	4.167
6.160	6.667
6.180	4.167
6.200	4.167
6.220	7.500
6.240	5.000
6.260	4.167
6.280	4.167
6.300	3.333
6.320	5.000
6.340	2.500
6.360	5.000
6.380	4.167
6.400	7.500
6.420	1.667
6.440	6.667
6.460	4.167
6.480	5.000
6.500	3.333
6.520	3.333
6.540	4.167
6.560	5.000
6.580	8.333
6.600	5.000
6.620	4.167
6.640	4.167
6.660	3.333
6.680	5.833
6.700	4.167
6.720	4.167
6.740	3.333
6.760	3.333
6.780	3.333
6.800	3.333
6.820	3.333
6.840	3.333
6.860	3.333
6.880	3.333
6.900	5.000
6.920	5.000
6.940	5.000
6.960	5.000
6.980	4.167
7.000	3.333
7.020	8.333
7.040	7.500
7.060	4.167
7.080	5.833
7.100	3.333
7.120	5.000
7.140	5.833
7.160	5.000
7.180	2.500
7.200	4.167
7.220	5.833
7.240	3.333
7.260	5.833
7.280	5.833
7.300	7.500
7.320	4.167
7.340	3.333
7.360	6.667
7.380	4.167
7.400	1.667
7.420	1.667
7.440	6.667
7.460	4.167
7.480	3.333
7.500	6.667
7.520	8.333
7.540	5.000
7.560	1.667
7.580	4.167
7.600	1.667
7.620	5.000
7.640	0.833
7.660	4.167
7.680	3.333
7.700	3.333
7.720	5.000
7.740	5.833
7.760	1.667
7.780	6.667
7.800	5.833
7.820	5.833
7.840	4.167
7.860	5.000
7.880	2.500
7.900	3.333
7.920	1.667
7.940	3.333
7.960	1.667
7.980	4.167
8.000	1.667
8.020	7.500
8.040	6.667
8.060	5.833
8.080	4.167
8.100	4.167
8.120	2.500
8.140	3.333
8.160	4.167
8.180	10.000
8.200	7.500
8.220	4.167
8.240	3.333
8.260	5.833
8.280	5.833
8.300	2.500
8.320	5.000
8.340	4.167
8.360	6.667
8.380	8.333
8.400	5.000
8.420	2.500
8.440	8.333
8.460	4.167
8.480	7.500
8.500	5.833
8.520	7.500
8.540	10.000
8.560	6.667
8.580	5.833
8.600	7.500
8.620	5.000
8.640	6.667
8.660	7.500
8.680	5.833
8.700	3.333
8.720	5.000
8.740	9.167
8.760	5.000
8.780	7.500
8.800	5.833
8.820	4.167
8.840	3.333
8.860	5.000
8.880	2.500
8.900	5.833
8.920	5.000
8.940	4.167
8.960	1.667
8.980	5.000
9.000	4.167
9.020	8.333
9.040	8.333
9.060	5.000
9.080	5.833
9.100	2.500
9.120	5.000
9.140	3.333
9.160	0.833
9.180	9.167
9.200	11.667
9.220	5.000
9.240	5.833
9.260	4.167
9.280	5.000
9.300	4.167
9.320	5.833
9.340	4.167
9.360	8.333
9.380	5.000
9.400	8.333
9.420	9.167
9.440	8.333
9.460	4.167
9.480	4.167
9.500	6.667
9.520	6.667
9.540	2.500
9.560	3.333
9.580	5.000
9.600	4.167
9.620	5.000
9.640	7.500
9.660	6.667
9.680	2.500
9.700	4.167
9.720	8.333
9.740	1.667
9.760	5.000
9.780	7.500
9.800	3.333
9.820	8.333
9.840	5.000
9.860	4.167
9.880	3.333
9.900	8.333
9.920	5.000
9.940	1.667
9.960	2.500
9.980	3.333
10.000	5.000
10.020	2.500
10.040	6.667
10.060	1.667
10.080	5.000
10.100	4.167
10.120	5.000
10.140	9.167
10.160	1.667
10.180	7.500
10.200	12.500
10.220	4.167
10.240	7.500
10.260	6.667
10.280	6.667
10.300	5.833
10.320	6.667
10.340	6.667
10.360	5.000
10.380	13.333
10.400	4.167
10.420	6.667
10.440	5.000
10.460	5.833
10.480	7.500
10.500	7.500
10.520	4.167
10.540	5.000
10.560	5.833
10.580	5.000
10.600	3.333
10.620	5.833
10.640	10.000
10.660	2.500
10.680	0.833
10.700	9.167
10.720	4.167
10.740	0.833
10.760	3.333
10.780	5.000
10.800	10.833
10.820	7.500
10.840	7.500
10.860	8.333
10.880	6.667
10.900	7.500
10.920	5.000
10.940	5.833
10.960	3.333
10.980	7.500
11.000	6.667
11.020	7.500
11.040	9.167
11.060	5.833
11.080	3.333
11.100	7.500
11.120	7.500
11.140	4.167
11.160	10.000
11.180	8.333
11.200	5.000
11.220	6.667
11.240	3.333
11.260	6.667
11.280	7.500
11.300	6.667
11.320	2.500
11.340	2.500
11.360	4.167
11.380	6.667
11.400	2.500
11.420	3.333
11.440	6.667
11.460	5.000
11.480	8.333
11.500	2.500
11.520	9.167
11.540	5.000
11.560	7.500
11.580	5.833
11.600	3.333
11.620	10.833
11.640	9.167
11.660	6.667
11.680	5.000
11.700	7.500
11.720	6.667
11.740	9.167
11.760	6.667
11.780	4.167
11.800	2.500
11.820	5.000
11.840	5.000
11.860	9.167
11.880	5.000
11.900	3.333
11.920	1.667
11.940	6.667
11.960	5.000
11.980	2.500
12.000	5.000
12.020	4.167
12.040	5.833
12.060	9.167
12.080	11.667
12.100	4.167
12.120	8.333
12.140	5.833
12.160	5.833
12.180	6.667
12.200	6.667
12.220	4.167
12.240	5.000
12.260	6.667
12.280	4.167
12.300	8.333
12.320	10.000
12.340	5.000
12.360	7.500
12.380	7.500
12.400	0.000
12.420	5.000
12.440	8.333
12.460	8.333
12.480	10.000
12.500	5.000
12.520	7.500
12.540	6.667
12.560	6.667
12.580	5.000
12.600	5.833
12.620	9.167
12.640	6.667
12.660	9.167
12.680	10.000
12.700	6.667
12.720	5.000
12.740	8.333
12.760	5.833
12.780	6.667
12.800	5.833
12.820	5.000
12.840	6.667
12.860	7.500
12.880	4.167
12.900	5.833
12.920	7.500
12.940	5.833
12.960	5.000
12.980	5.000
13.000	8.333
13.020	6.667
13.040	3.333
13.060	4.167
13.080	3.333
13.100	5.833
13.120	10.833
13.140	4.167
13.160	5.833
13.180	5.000
13.200	6.667
13.220	5.833
13.240	5.000
13.260	2.500
13.280	5.833
13.300	9.167
13.320	10.000
13.340	7.500
13.360	7.500
13.380	3.333
13.400	5.000
13.420	5.000
13.440	3.333
13.460	7.500
13.480	4.167
13.500	3.333
13.520	5.000
13.540	5.000
13.560	2.500
13.580	7.500
13.600	8.333
13.620	6.667
13.640	5.833
13.660	10.000
13.680	3.333
13.700	2.500
13.720	5.833
13.740	8.333
13.760	5.000
13.780	8.333
13.800	7.500
13.820	5.000
13.840	1.667
13.860	6.667
13.880	9.167
13.900	5.000
13.920	3.333
13.940	8.333
13.960	6.667
13.980	6.667
14.000	4.167
14.020	8.333
14.040	9.167
14.060	11.667
14.080	5.833
14.100	6.667
14.120	4.167
14.140	10.833
14.160	13.333
14.180	5.000
14.200	5.000
14.220	5.000
14.240	5.000
14.260	4.167
14.280	3.333
14.300	5.000
14.320	3.333
14.340	6.667
14.360	9.167
14.380	5.833
14.400	3.333
14.420	5.000
14.440	5.000
14.460	2.500
14.480	5.833
14.500	9.167
14.520	8.333
14.540	8.333
14.560	9.167
14.580	7.500
14.600	3.333
14.620	5.833
14.640	4.167
14.660	1.667
14.680	7.500
14.700	5.000
14.720	7.500
14.740	7.500
14.760	4.167
14.780	7.500
14.800	4.167
14.820	5.833
14.840	5.833
14.860	10.000
14.880	7.500
14.900	9.167
14.920	5.833
14.940	7.500
14.960	10.000
14.980	7.500
15.000	9.167
15.020	10.000
15.040	4.167
15.060	9.167
15.080	7.500
15.100	5.833
15.120	9.167
15.140	5.833
15.160	5.833
15.180	7.500
15.200	6.667
15.220	8.333
15.240	8.333
15.260	6.667
15.280	4.167
15.300	7.500
15.320	3.333
15.340	6.667
15.360	5.000
15.380	3.333
15.400	9.167
15.420	5.833
15.440	6.667
15.460	12.500
15.480	7.500
15.500	4.167
15.520	9.167
15.540	5.000
15.560	9.167
15.580	0.833
15.600	5.000
15.620	12.500
15.640	7.500
15.660	4.167
15.680	5.833
15.700	5.833
15.720	5.000
15.740	2.500
15.760	4.167
15.780	7.500
15.800	9.167
15.820	13.333
15.840	14.167
15.860	4.167
15.880	9.167
15.900	5.000
15.920	3.333
15.940	5.000
15.960	5.833
15.980	6.667
16.000	10.000
16.020	5.000
16.040	5.000
16.060	5.833
16.080	5.000
16.100	3.333
16.120	2.500
16.140	5.000
16.160	4.167
16.180	10.000
16.200	4.167
16.220	7.500
16.240	6.667
16.260	10.833
16.280	7.500
16.300	6.667
16.320	4.167
16.340	9.167
16.360	7.500
16.380	4.167
16.400	10.000
16.420	7.500
16.440	5.000
16.460	5.833
16.480	7.500
16.500	7.500
16.520	8.333
16.540	6.667
16.560	7.500
16.580	7.500
16.600	7.500
16.620	5.833
16.640	10.000
16.660	5.000
16.680	5.000
16.700	5.000
16.720	8.333
16.740	4.167
16.760	8.333
16.780	8.333
16.800	8.333
16.820	10.833
16.840	10.833
16.860	4.167
16.880	6.667
16.900	8.333
16.920	8.333
16.940	10.000
16.960	8.333
16.980	11.667
17.000	16.667
17.020	9.167
17.040	5.000
17.060	7.500
17.080	6.667
17.100	9.167
17.120	4.167
17.140	4.167
17.160	8.333
17.180	7.500
17.200	5.833
17.220	7.500
17.240	5.833
17.260	5.000
17.280	9.167
17.300	10.833
17.320	8.333
17.340	12.500
17.360	10.000
17.380	11.667
17.400	10.000
17.420	9.167
17.440	10.833
17.460	10.833
17.480	6.667
17.500	11.667
17.520	8.333
17.540	6.667
17.560	8.333
17.580	7.500
17.600	7.500
17.620	10.000
17.640	5.000
17.660	5.833
17.680	6.667
17.700	9.167
17.720	10.833
17.740	7.500
17.760	10.833
17.780	6.667
17.800	8.333
17.820	11.667
17.840	6.667
17.860	5.833
17.880	10.000
17.900	7.500
17.920	7.500
17.940	10.000
17.960	6.667
17.980	8.333
18.000	8.333
18.020	8.333
18.040	10.000
18.060	10.833
18.080	5.833
18.100	7.500
18.120	9.167
18.140	5.833
18.160	7.500
18.180	8.333
18.200	7.500
18.220	5.833
18.240	6.667
18.260	10.000
18.280	10.833
18.300	5.833
18.320	8.333
18.340	8.333
18.360	11.667
18.380	8.333
18.400	9.167
18.420	14.167
18.440	14.167
18.460	11.667
18.480	10.000
18.500	6.667
18.520	10.000
18.540	12.500
18.560	13.333
18.580	14.167
18.600	8.333
18.620	6.667
18.640	13.333
18.660	7.500
18.680	8.333
18.700	14.167
18.720	8.333
18.740	12.500
18.760	6.667
18.780	9.167
18.800	6.667
18.820	4.167
18.840	8.333
18.860	9.167
18.880	10.833
18.900	10.000
18.920	5.833
18.940	10.833
18.960	13.333
18.980	6.667
19.000	12.500
19.020	10.000
19.040	11.667
19.060	10.000
19.080	8.333
19.100	10.833
19.120	10.833
19.140	12.500
19.160	12.500
19.180	12.500
19.200	4.167
19.220	11.667
19.240	7.500
19.260	10.000
19.280	12.500
19.300	10.833
19.320	10.000
19.340	11.667
19.360	6.667
19.380	10.833
19.400	10.000
19.420	6.667
19.440	16.667
19.460	10.833
19.480	9.167
19.500	12.500
19.520	10.000
19.540	10.833
19.560	11.667
19.580	5.000
19.600	10.000
19.620	8.333
19.640	14.167
19.660	6.667
19.680	13.333
19.700	15.833
19.720	10.000
19.740	12.500
19.760	9.167
19.780	8.333
19.800	13.333
19.820	15.833
19.840	12.500
19.860	8.333
19.880	11.667
19.900	10.000
19.920	9.167
19.940	8.333
19.960	10.833
19.980	7.500
20.000	8.333
20.020	9.167
20.040	9.167
20.060	15.000
20.080	11.667
20.100	12.500
20.120	13.333
20.140	17.500
20.160	13.333
20.180	12.500
20.200	14.167
20.220	11.667
20.240	10.833
20.260	10.833
20.280	10.833
20.300	11.667
20.320	18.333
20.340	11.667
20.360	10.000
20.380	10.833
20.400	10.833
20.420	10.833
20.440	14.167
20.460	15.000
20.480	14.167
20.500	10.000
20.520	9.167
20.540	12.500
20.560	13.333
20.580	12.500
20.600	10.833
20.620	11.667
20.640	11.667
20.660	20.000
20.680	10.833
20.700	6.667
20.720	10.000
20.740	14.167
20.760	8.333
20.780	9.167
20.800	10.833
20.820	16.667
20.840	11.667
20.860	13.333
20.880	11.667
20.900	6.667
20.920	14.167
20.940	13.333
20.960	10.000
20.980	13.333
21.000	6.667
21.020	10.833
21.040	10.000
21.060	14.167
21.080	10.000
21.100	9.167
21.120	14.167
21.140	10.833
21.160	17.500
21.180	17.500
21.200	18.333
21.220	6.667
21.240	10.833
21.260	10.000
21.280	11.667
21.300	15.833
21.320	20.000
21.340	5.833
21.360	15.833
21.380	10.000
21.400	10.000
21.420	14.167
21.440	17.500
21.460	13.333
21.480	8.333
21.500	13.333
21.520	10.833
21.540	10.833
21.560	10.000
21.580	16.667
21.600	12.500
21.620	15.833
21.640	15.000
21.660	6.667
21.680	10.000
21.700	10.833
21.720	20.833
21.740	12.500
21.760	16.667
21.780	12.500
21.800	20.833
21.820	17.500
21.840	12.500
21.860	11.667
21.880	12.500
21.900	13.333
21.920	15.000
21.940	13.333
21.960	10.000
21.980	20.000
22.000	14.167
22.020	13.333
22.040	9.167
22.060	14.167
22.080	14.167
22.100	10.833
22.120	9.167
22.140	19.167
22.160	11.667
22.180	13.333
22.200	14.167
22.220	14.167
22.240	15.833
22.260	15.833
22.280	8.333
22.300	14.167
22.320	15.000
22.340	11.667
22.360	18.333
22.380	15.000
22.400	14.167
22.420	13.333
22.440	10.833
22.460	13.333
22.480	14.167
22.500	13.333
22.520	9.167
22.540	20.833
22.560	15.000
22.580	16.667
22.600	10.833
22.620	7.500
22.640	22.500
22.660	13.333
22.680	13.333
22.700	10.833
22.720	8.333
22.740	13.333
22.760	13.333
22.780	14.167
22.800	10.000
22.820	15.833
22.840	16.667
22.860	13.333
22.880	9.167
22.900	11.667
22.920	12.500
22.940	10.833
22.960	13.333
22.980	14.167
23.000	15.000
23.020	15.000
23.040	16.667
23.060	17.500
23.080	14.167
23.100	17.500
23.120	14.167
23.140	13.333
23.160	17.500
23.180	10.833
23.200	14.167
23.220	13.333
23.240	9.167
23.260	17.500
23.280	6.667
23.300	10.000
23.320	18.333
23.340	11.667
23.360	15.000
23.380	7.500
23.400	5.000
23.420	14.167
23.440	17.500
23.460	12.500
23.480	15.833
23.500	16.667
23.520	10.833
23.540	13.333
23.560	12.500
23.580	15.000
23.600	11.667
23.620	10.000
23.640	6.667
23.660	10.000
23.680	14.167
23.700	20.833
23.720	13.333
23.740	11.667
23.760	13.333
23.780	13.333
23.800	18.333
23.820	21.667
23.840	14.167
23.860	13.333
23.880	11.667
23.900	14.167
23.920	13.333
23.940	11.667
23.960	8.333
23.980	19.167
24.000	14.167
24.020	17.500
24.040	15.833
24.060	10.833
24.080	9.167
24.100	14.167
24.120	9.167
24.140	18.333
24.160	14.167
24.180	10.833
24.200	18.333
24.220	9.167
24.240	14.167
24.260	12.500
24.280	15.833
24.300	10.833
24.320	14.167
24.340	5.833
24.360	12.500
24.380	10.000
24.400	9.167
24.420	11.667
24.440	7.500
24.460	14.167
24.480	15.000
24.500	12.500
24.520	11.667
24.540	8.333
24.560	12.500
24.580	10.000
24.600	8.333
24.620	15.000
24.640	10.000
24.660	17.500
24.680	10.000
24.700	16.667
24.720	12.500
24.740	15.000
24.760	6.667
24.780	10.833
24.800	9.167
24.820	11.667
24.840	13.333
24.860	12.500
24.880	18.333
24.900	10.833
24.920	14.167
24.940	18.333
24.960	14.167
24.980	14.167
25.000	12.500
25.020	9.167
25.040	13.333
25.060	11.667
25.080	12.500
25.100	13.333
25.120	10.833
25.140	14.167
25.160	11.667
25.180	19.167
25.200	8.333
25.220	14.167
25.240	10.000
25.260	14.167
25.280	17.500
25.300	16.667
25.320	12.500
25.340	12.500
25.360	13.333
25.380	15.000
25.400	15.833
25.420	12.500
25.440	11.667
25.460	17.500
25.480	10.000
25.500	14.167
25.520	15.833
25.540	11.667
25.560	12.500
25.580	13.333
25.600	13.333
25.620	9.167
25.640	12.500
25.660	13.333
25.680	16.667
25.700	14.167
25.720	14.167
25.740	12.500
25.760	10.833
25.780	12.500
25.800	16.667
25.820	12.500
25.840	13.333
25.860	9.167
25.880	10.000
25.900	17.500
25.920	8.333
25.940	14.167
25.960	16.667
25.980	10.833
26.000	10.833
26.020	15.833
26.040	20.000
26.060	15.000
26.080	7.500
26.100	11.667
26.120	18.333
26.140	12.500
26.160	8.333
26.180	10.833
26.200	9.167
26.220	13.333
26.240	11.667
26.260	12.500
26.280	10.833
26.300	15.833
26.320	10.000
26.340	11.667
26.360	13.333
26.380	10.833
26.400	10.000
26.420	11.667
26.440	15.833
26.460	11.667
26.480	10.000
26.500	6.667
26.520	16.667
26.540	11.667
26.560	14.167
26.580	9.167
26.600	12.500
26.620	8.333
26.640	17.500
26.660	11.667
26.680	11.667
26.700	8.333
26.720	14.167
26.740	16.667
26.760	10.000
26.780	10.000
26.800	12.500
26.820	11.667
26.840	5.000
26.860	10.000
26.880	6.667
26.900	10.000
26.920	10.833
26.940	10.833
26.960	11.667
26.980	12.500
27.000	12.500
27.020	6.667
27.040	13.333
27.060	9.167
27.080	15.833
27.100	13.333
27.120	15.000
27.140	15.833
27.160	11.667
27.180	10.833
27.200	10.833
27.220	10.833
27.240	18.333
27.260	11.667
27.280	12.500
27.300	7.500
27.320	12.500
27.340	15.000
27.360	11.667
27.380	8.333
27.400	9.167
27.420	7.500
27.440	12.500
27.460	10.833
27.480	7.500
27.500	6.667
27.520	7.500
27.540	6.667
27.560	10.833
27.580	14.167
27.600	16.667
27.620	8.333
27.640	8.333
27.660	11.667
27.680	10.833
27.700	7.500
27.720	10.833
27.740	14.167
27.760	14.167
27.780	13.333
27.800	7.500
27.820	13.333
27.840	8.333
27.860	17.500
27.880	9.167
27.900	10.000
27.920	11.667
27.940	11.667
27.960	13.333
27.980	9.167
28.000	10.833
28.020	12.500
28.040	9.167
28.060	8.333
28.080	5.833
28.100	9.167
28.120	9.167
28.140	10.833
28.160	10.833
28.180	8.333
28.200	10.833
28.220	3.333
28.240	10.000
28.260	8.333
28.280	9.167
28.300	10.833
28.320	8.333
28.340	12.500
28.360	11.667
28.380	9.167
28.400	5.833
28.420	11.667
28.440	10.000
28.460	5.833
28.480	9.167
28.500	9.167
28.520	11.667
28.540	8.333
28.560	8.333
28.580	8.333
28.600	10.833
28.620	15.000
28.640	7.500
28.660	9.167
28.680	10.833
28.700	10.000
28.720	10.000
28.740	9.167
28.760	5.833
28.780	11.667
28.800	8.333
28.820	12.500
28.840	11.667
28.860	10.000
28.880	10.833
28.900	15.000
28.920	10.000
28.940	7.500
28.960	7.500
28.980	10.000
29.000	10.000
29.020	11.667
29.040	15.000
29.060	6.667
29.080	8.333
29.100	12.500
29.120	14.167
29.140	11.667
29.160	10.000
29.180	8.333
29.200	10.000
29.220	9.167
29.240	8.333
29.260	9.167
29.280	11.667
29.300	7.500
29.320	10.000
29.340	7.500
29.360	10.000
29.380	5.833
29.400	7.500
29.420	4.167
29.440	11.667
29.460	6.667
29.480	9.167
29.500	11.667
29.520	7.500
29.540	7.500
29.560	9.167
29.580	12.500
29.600	10.833
29.620	5.000
29.640	5.000
29.660	13.333
29.680	11.667
29.700	6.667
29.720	10.000
29.740	11.667
29.760	6.667
29.780	4.167
29.800	5.833
29.820	7.500
29.840	10.833
29.860	10.833
29.880	10.000
29.900	6.667
29.920	5.833
29.940	6.667
29.960	9.167
29.980	10.000
30.000	12.500
30.020	9.167
30.040	8.333
30.060	9.167
30.080	8.333
30.100	8.333
30.120	11.667
30.140	10.000
30.160	11.667
30.180	11.667
30.200	6.667
30.220	9.167
30.240	8.333
30.260	6.667
30.280	6.667
30.300	8.333
30.320	10.000
30.340	9.167
30.360	7.500
30.380	10.000
30.400	5.833
30.420	13.333
30.440	6.667
30.460	10.833
30.480	12.500
30.500	5.833
30.520	8.333
30.540	7.500
30.560	13.333
30.580	11.667
30.600	9.167
30.620	8.333
30.640	8.333
30.660	8.333
30.680	8.333
30.700	8.333
30.720	10.000
30.740	10.000
30.760	9.167
30.780	9.167
30.800	5.833
30.820	10.833
30.840	8.333
30.860	11.667
30.880	4.167
30.900	13.333
30.920	9.167
30.940	6.667
30.960	12.500
30.980	3.333
31.000	9.167
31.020	6.667
31.040	12.500
31.060	15.000
31.080	7.500
31.100	11.667
31.120	8.333
31.140	10.000
31.160	10.833
31.180	11.667
31.200	8.333
31.220	5.833
31.240	9.167
31.260	6.667
31.280	10.833
31.300	7.500
31.320	7.500
31.340	6.667
31.360	7.500
31.380	5.000
31.400	10.833
31.420	6.667
31.440	11.667
31.460	7.500
31.480	9.167
31.500	3.333
31.520	9.167
31.540	5.833
31.560	6.667
31.580	9.167
31.600	5.833
31.620	10.833
31.640	8.333
31.660	8.333
31.680	7.500
31.700	10.000
31.720	10.833
31.740	7.500
31.760	5.833
31.780	5.000
31.800	9.167
31.820	10.000
31.840	5.000
31.860	4.167
31.880	9.167
31.900	9.167
31.920	6.667
31.940	5.000
31.960	9.167
31.980	8.333
32.000	5.000
32.020	10.000
32.040	10.000
32.060	7.500
32.080	11.667
32.100	5.833
32.120	13.333
32.140	10.000
32.160	6.667
32.180	8.333
32.200	10.000
32.220	4.167
32.240	10.000
32.260	12.500
32.280	10.833
32.300	6.667
32.320	9.167
32.340	6.667
32.360	12.500
32.380	5.833
32.400	5.000
32.420	4.167
32.440	9.167
32.460	4.167
32.480	5.000
32.500	9.167
32.520	9.167
32.540	9.167
32.560	7.500
32.580	10.833
32.600	9.167
32.620	10.000
32.640	5.833
32.660	10.000
32.680	6.667
32.700	9.167
32.720	8.333
32.740	4.167
32.760	5.000
32.780	10.833
32.800	7.500
32.820	10.000
32.840	6.667
32.860	11.667
32.880	7.500
32.900	4.167
32.920	13.333
32.940	1.667
32.960	2.500
32.980	5.000
33.000	4.167
33.020	6.667
33.040	8.333
33.060	10.000
33.080	8.333
33.100	9.167
33.120	7.500
33.140	7.500
33.160	6.667
33.180	9.167
33.200	8.333
33.220	6.667
33.240	11.667
33.260	6.667
33.280	6.667
33.300	8.333
33.320	7.500
33.340	8.333
33.360	5.833
33.380	10.833
33.400	5.833
33.420	10.833
33.440	7.500
33.460	5.000
33.480	11.667
33.500	10.000
33.520	5.000
33.540	5.000
33.560	5.000
33.580	11.667
33.600	3.333
33.620	7.500
33.640	11.667
33.660	5.000
33.680	9.167
33.700	13.333
33.720	10.000
33.740	5.000
33.760	10.833
33.780	7.500
33.800	5.000
33.820	5.000
33.840	7.500
33.860	11.667
33.880	6.667
33.900	6.667
33.920	7.500
33.940	10.000
33.960	5.833
33.980	5.000
34.000	6.667
34.020	13.333
34.040	4.167
34.060	11.667
34.080	7.500
34.100	12.500
34.120	10.833
34.140	10.833
34.160	8.333
34.180	1.667
34.200	10.833
34.220	12.500
34.240	8.333
34.260	5.000
34.280	10.000
34.300	10.833
34.320	11.667
34.340	10.000
34.360	7.500
34.380	5.833
34.400	10.000
34.420	8.333
34.440	5.833
34.460	8.333
34.480	13.333
34.500	13.333
34.520	7.500
34.540	6.667
34.560	9.167
34.580	5.833
34.600	14.167
34.620	5.833
34.640	9.167
34.660	4.167
34.680	6.667
34.700	11.667
34.720	10.000
34.740	12.500
34.760	10.000
34.780	10.833
34.800	9.167
34.820	4.167
34.840	15.000
34.860	14.167
34.880	8.333
34.900	7.500
34.920	10.833
34.940	9.167
34.960	7.500
34.980	8.333
35.000	5.000
35.020	10.000
35.040	7.500
35.060	8.333
35.080	10.833
35.100	5.833
35.120	9.167
35.140	8.333
35.160	10.000
35.180	6.667
35.200	4.167
35.220	6.667
35.240	8.333
35.260	10.000
35.280	12.500
35.300	8.333
35.320	9.167
35.340	6.667
35.360	7.500
35.380	10.000
35.400	11.667
35.420	12.500
35.440	14.167
35.460	5.833
35.480	6.667
35.500	5.833
35.520	10.833
35.540	6.667
35.560	9.167
35.580	8.333
35.600	14.167
35.620	10.833
35.640	3.333
35.660	6.667
35.680	9.167
35.700	11.667
35.720	9.167
35.740	11.667
35.760	8.333
35.780	10.000
35.800	6.667
35.820	9.167
35.840	17.500
35.860	4.167
35.880	5.000
35.900	4.167
35.920	7.500
35.940	5.000
35.960	9.167
35.980	10.000
36.000	6.667
36.020	10.833
36.040	7.500
36.060	5.000
36.080	8.333
36.100	7.500
36.120	10.833
36.140	10.000
36.160	6.667
36.180	9.167
36.200	6.667
36.220	5.833
36.240	6.667
36.260	9.167
36.280	14.167
36.300	10.000
36.320	2.500
36.340	4.167
36.360	5.833
36.380	7.500
36.400	3.333
36.420	5.833
36.440	6.667
36.460	11.667
36.480	10.000
36.500	8.333
36.520	7.500
36.540	14.167
36.560	10.833
36.580	12.500
36.600	10.833
36.620	14.167
36.640	6.667
36.660	10.833
36.680	10.000
36.700	9.167
36.720	5.833
36.740	6.667
36.760	7.500
36.780	5.833
36.800	9.167
36.820	3.333
36.840	7.500
36.860	5.833
36.880	7.500
36.900	8.333
36.920	8.333
36.940	5.833
36.960	8.333
36.980	10.000
37.000	5.833
37.020	9.167
37.040	8.333
37.060	8.333
37.080	8.333
37.100	10.833
37.120	9.167
37.140	10.000
37.160	8.333
37.180	12.500
37.200	5.000
37.220	8.333
37.240	7.500
37.260	5.833
37.280	7.500
37.300	6.667
37.320	9.167
37.340	8.333
37.360	4.167
37.380	7.500
37.400	6.667
37.420	11.667
37.440	8.333
37.460	8.333
37.480	4.167
37.500	6.667
37.520	9.167
37.540	7.500
37.560	10.000
37.580	6.667
37.600	4.167
37.620	5.833
37.640	7.500
37.660	7.500
37.680	7.500
37.700	7.500
37.720	10.000
37.740	5.833
37.760	5.833
37.780	5.000
37.800	5.833
37.820	7.500
37.840	7.500
37.860	6.667
37.880	4.167
37.900	6.667
37.920	7.500
37.940	9.167
37.960	6.667
37.980	6.667
38.000	10.000
38.020	5.000
38.040	6.667
38.060	6.667
38.080	7.500
38.100	4.167
38.120	4.167
38.140	10.833
38.160	7.500
38.180	7.500
38.200	11.667
38.220	5.000
38.240	7.500
38.260	10.833
38.280	11.667
38.300	7.500
38.320	9.167
38.340	8.333
38.360	7.500
38.380	2.500
38.400	6.667
38.420	11.667
38.440	5.000
38.460	6.667
38.480	8.333
38.500	12.500
38.520	9.167
38.540	6.667
38.560	5.000
38.580	8.333
38.600	7.500
38.620	7.500
38.640	6.667
38.660	4.167
38.680	8.333
38.700	4.167
38.720	4.167
38.740	7.500
38.760	5.833
38.780	9.167
38.800	6.667
38.820	5.000
38.840	4.167
38.860	10.000
38.880	6.667
38.900	4.167
38.920	7.500
38.940	12.500
38.960	6.667
38.980	7.500
39.000	5.000
39.020	8.333
39.040	5.000
39.060	9.167
39.080	10.000
39.100	7.500
39.120	8.333
39.140	5.833
39.160	9.167
39.180	5.000
39.200	6.667
39.220	8.333
39.240	8.333
39.260	6.667
39.280	8.333
39.300	12.500
39.320	10.000
39.340	6.667
39.360	14.167
39.380	5.833
39.400	4.167
39.420	12.500
39.440	5.000
39.460	7.500
39.480	6.667
39.500	6.667
39.520	7.500
39.540	9.167
39.560	5.000
39.580	8.333
39.600	10.000
39.620	6.667
39.640	10.000
39.660	3.333
39.680	7.500
39.700	7.500
39.720	12.500
39.740	4.167
39.760	7.500
39.780	10.000
39.800	7.500
39.820	9.167
39.840	10.000
39.860	6.667
39.880	5.833
39.900	4.167
39.920	5.833
39.940	5.833
39.960	10.000
39.980	5.000
40.000	7.500
40.020	10.000
40.040	5.000
40.060	8.333
40.080	11.667
40.100	6.667
40.120	5.833
40.140	8.333
40.160	5.000
40.180	5.000
40.200	10.000
40.220	2.500
40.240	6.667
40.260	5.833
40.280	5.000
40.300	9.167
40.320	8.333
40.340	13.333
40.360	12.500
40.380	8.333
40.400	6.667
40.420	9.167
40.440	5.000
40.460	9.167
40.480	8.333
40.500	9.167
40.520	4.167
40.540	9.167
40.560	10.000
40.580	6.667
40.600	8.333
40.620	9.167
40.640	5.833
40.660	10.000
40.680	4.167
40.700	6.667
40.720	6.667
40.740	3.333
40.760	9.167
40.780	7.500
40.800	5.833
40.820	5.833
40.840	6.667
40.860	11.667
40.880	5.833
40.900	7.500
40.920	5.000
40.940	6.667
40.960	6.667
40.980	5.833
41.000	7.500
41.020	5.000
41.040	4.167
41.060	10.000
41.080	3.333
41.100	6.667
41.120	10.833
41.140	4.167
41.160	6.667
41.180	9.167
41.200	7.500
41.220	7.500
41.240	6.667
41.260	10.000
41.280	9.167
41.300	3.333
41.320	3.333
41.340	6.667
41.360	10.833
41.380	8.333
41.400	8.333
41.420	6.667
41.440	13.333
41.460	5.833
41.480	1.667
41.500	5.833
41.520	5.833
41.540	5.000
41.560	4.167
41.580	5.000
41.600	10.000
41.620	5.000
41.640	11.667
41.660	11.667
41.680	6.667
41.700	4.167
41.720	5.833
41.740	5.833
41.760	7.500
41.780	8.333
41.800	6.667
41.820	5.833
41.840	5.000
41.860	5.000
41.880	7.500
41.900	5.000
41.920	4.167
41.940	9.167
41.960	7.500
41.980	9.167
42.000	5.833
42.020	5.833
42.040	9.167
42.060	10.833
42.080	5.833
42.100	5.000
42.120	10.000
42.140	5.000
42.160	5.833
42.180	10.833
42.200	5.833
42.220	7.500
42.240	5.833
42.260	9.167
42.280	5.000
42.300	10.000
42.320	7.500
42.340	9.167
42.360	11.667
42.380	9.167
42.400	11.667
42.420	10.000
42.440	7.500
42.460	5.833
42.480	5.833
42.500	6.667
42.520	9.167
42.540	8.333
42.560	4.167
42.580	7.500
42.600	7.500
42.620	5.833
42.640	9.167
42.660	9.167
42.680	7.500
42.700	4.167
42.720	7.500
42.740	7.500
42.760	5.833
42.780	10.000
42.800	10.000
42.820	8.333
42.840	10.833
42.860	7.500
42.880	5.833
42.900	6.667
42.920	8.333
42.940	5.000
42.960	8.333
42.980	5.000
43.000	7.500
43.020	4.167
43.040	3.333
43.060	9.167
43.080	6.667
43.100	8.333
43.120	10.000
43.140	7.500
43.160	6.667
43.180	10.000
43.200	9.167
43.220	8.333
43.240	7.500
43.260	6.667
43.280	5.833
43.300	7.500
43.320	8.333
43.340	12.500
43.360	1.667
43.380	5.000
43.400	6.667
43.420	5.833
43.440	7.500
43.460	7.500
43.480	6.667
43.500	8.333
43.520	5.000
43.540	6.667
43.560	4.167
43.580	5.833
43.600	7.500
43.620	5.833
43.640	9.167
43.660	6.667
43.680	7.500
43.700	9.167
43.720	5.833
43.740	8.333
43.760	5.833
43.780	3.333
43.800	7.500
43.820	4.167
43.840	3.333
43.860	9.167
43.880	7.500
43.900	8.333
43.920	6.667
43.940	4.167
43.960	8.333
43.980	6.667
44.000	7.500
44.020	9.167
44.040	6.667
44.060	6.667
44.080	10.000
44.100	7.500
44.120	11.667
44.140	5.833
44.160	9.167
44.180	6.667
44.200	7.500
44.220	7.500
44.240	5.000
44.260	7.500
44.280	6.667
44.300	3.333
44.320	6.667
44.340	5.833
44.360	6.667
44.380	9.167
44.400	5.000
44.420	10.000
44.440	6.667
44.460	4.167
44.480	7.500
44.500	5.833
44.520	7.500
44.540	9.167
44.560	5.000
44.580	2.500
44.600	5.833
44.620	5.000
44.640	6.667
44.660	5.000
44.680	6.667
44.700	7.500
44.720	7.500
44.740	7.500
44.760	8.333
44.780	4.167
44.800	7.500
44.820	8.333
44.840	5.000
44.860	9.167
44.880	5.833
44.900	5.000
44.920	5.833
44.940	3.333
44.960	11.667
44.980	5.833
45.000	5.000
45.020	10.833
45.040	10.000
45.060	7.500
45.080	5.833
45.100	9.167
45.120	6.667
45.140	10.000
45.160	3.333
45.180	4.167
45.200	7.500
45.220	6.667
45.240	3.333
45.260	5.000
45.280	7.500
45.300	9.167
45.320	13.333
45.340	2.500
45.360	8.333
45.380	5.833
45.400	6.667
45.420	5.833
45.440	5.000
45.460	6.667
45.480	8.333
45.500	5.833
45.520	5.833
45.540	5.833
45.560	4.167
45.580	10.000
45.600	3.333
45.620	7.500
45.640	6.667
45.660	4.167
45.680	7.500
45.700	7.500
45.720	5.833
45.740	8.333
45.760	3.333
45.780	4.167
45.800	5.000
45.820	5.000
45.840	14.167
45.860	8.333
45.880	5.000
45.900	6.667
45.920	2.500
45.940	5.833
45.960	5.833
45.980	5.833
46.000	2.500
46.020	5.833
46.040	4.167
46.060	4.167
46.080	5.833
46.100	1.667
46.120	10.000
46.140	1.667
46.160	6.667
46.180	10.833
46.200	5.000
46.220	10.000
46.240	8.333
46.260	10.000
46.280	3.333
46.300	5.833
46.320	4.167
46.340	8.333
46.360	3.333
46.380	8.333
46.400	5.833
46.420	5.000
46.440	4.167
46.460	3.333
46.480	8.333
46.500	5.833
46.520	4.167
46.540	5.833
46.560	10.833
46.580	6.667
46.600	5.833
46.620	6.667
46.640	10.833
46.660	4.167
46.680	8.333
46.700	2.500
46.720	1.667
46.740	3.333
46.760	6.667
46.780	5.833
46.800	1.667
46.820	3.333
46.840	3.333
46.860	12.500
46.880	9.167
46.900	5.833
46.920	5.000
46.940	4.167
46.960	4.167
46.980	5.833
47.000	2.500
47.020	5.833
47.040	5.833
47.060	9.167
47.080	5.000
47.100	4.167
47.120	14.167
47.140	8.333
47.160	7.500
47.180	7.500
47.200	10.833
47.220	5.833
47.240	3.333
47.260	5.000
47.280	7.500
47.300	5.833
47.320	9.167
47.340	6.667
47.360	5.833
47.380	5.833
47.400	8.333
47.420	5.000
47.440	5.833
47.460	5.833
47.480	9.167
47.500	9.167
47.520	8.333
47.540	5.833
47.560	6.667
47.580	5.833
47.600	10.000
47.620	7.500
47.640	4.167
47.660	5.000
47.680	8.333
47.700	4.167
47.720	2.500
47.740	4.167
47.760	4.167
47.780	5.833
47.800	8.333
47.820	10.000
47.840	6.667
47.860	6.667
47.880	5.833
47.900	7.500
47.920	6.667
47.940	6.667
47.960	7.500
47.980	6.667
48.000	9.167
48.020	8.333
48.040	6.667
48.060	5.833
48.080	5.000
48.100	9.167
48.120	9.167
48.140	3.333
48.160	9.167
48.180	5.000
48.200	6.667
48.220	5.000
48.240	5.833
48.260	9.167
48.280	4.167
48.300	7.500
48.320	3.333
48.340	3.333
48.360	3.333
48.380	7.500
48.400	2.500
48.420	8.333
48.440	2.500
48.460	3.333
48.480	2.500
48.500	7.500
48.520	3.333
48.540	4.167
48.560	5.000
48.580	5.000
48.600	5.000
48.620	1.667
48.640	4.167
48.660	6.667
48.680	4.167
48.700	5.000
48.720	10.000
48.740	2.500
48.760	5.000
48.780	3.333
48.800	10.833
48.820	5.000
48.840	1.667
48.860	4.167
48.880	1.667
48.900	3.333
48.920	3.333
48.940	3.333
48.960	7.500
48.980	7.500
49.000	7.500
49.020	8.333
49.040	4.167
49.060	9.167
49.080	3.333
49.100	5.000
49.120	10.000
49.140	6.667
49.160	6.667
49.180	6.667
49.200	9.167
49.220	3.333
49.240	5.833
49.260	3.333
49.280	2.500
49.300	8.333
49.320	7.500
49.340	8.333
49.360	7.500
49.380	5.000
49.400	4.167
49.420	4.167
49.440	1.667
49.460	5.000
49.480	5.000
49.500	5.833
49.520	4.167
49.540	4.167
49.560	1.667
49.580	7.500
49.600	7.500
49.620	3.333
49.640	7.500
49.660	7.500
49.680	5.000
49.700	5.000
49.720	5.833
49.740	5.833
49.760	5.833
49.780	5.833
49.800	4.167
49.820	7.500
49.840	15.000
49.860	5.000
49.880	5.833
49.900	4.167
49.920	5.833
49.940	3.333
49.960	5.000
49.980	5.833
50.000	7.500
50.020	4.167
50.040	5.000
50.060	10.833
50.080	5.833
50.100	4.167
50.120	5.833
50.140	6.667
50.160	6.667
50.180	3.333
50.200	1.667
50.220	3.333
50.240	3.333
50.260	3.333
50.280	7.500
50.300	6.667
50.320	5.000
50.340	6.667
50.360	0.833
50.380	8.333
50.400	5.000
50.420	5.000
50.440	3.333
50.460	5.000
50.480	4.167
50.500	3.333
50.520	5.833
50.540	4.167
50.560	7.500
50.580	6.667
50.600	4.167
50.620	2.500
50.640	5.833
50.660	4.167
50.680	5.000
50.700	5.000
50.720	1.667
50.740	6.667
50.760	4.167
50.780	5.000
50.800	6.667
50.820	2.500
50.840	5.000
50.860	3.333
50.880	4.167
50.900	4.167
50.920	5.000
50.940	3.333
50.960	4.167
50.980	10.000
51.000	9.167
51.020	9.167
51.040	3.333
51.060	3.333
51.080	4.167
51.100	8.333
51.120	5.833
51.140	3.333
51.160	4.167
51.180	2.500
51.200	8.333
51.220	6.667
51.240	5.000
51.260	3.333
51.280	5.000
51.300	4.167
51.320	3.333
51.340	5.000
51.360	6.667
51.380	5.833
51.400	4.167
51.420	5.833
51.440	8.333
51.460	4.167
51.480	3.333
51.500	4.167
51.520	1.667
51.540	5.000
51.560	4.167
51.580	7.500
51.600	8.333
51.620	6.667
51.640	1.667
51.660	4.167
51.680	5.000
51.700	5.000
51.720	4.167
51.740	3.333
51.760	9.167
51.780	3.333
51.800	4.167
51.820	8.333
51.840	5.000
51.860	4.167
51.880	2.500
51.900	3.333
51.920	4.167
51.940	3.333
51.960	6.667
51.980	3.333
52.000	9.167
52.020	10.833
52.040	4.167
52.060	4.167
52.080	5.833
52.100	7.500
52.120	4.167
52.140	5.000
52.160	11.667
52.180	6.667
52.200	3.333
52.220	4.167
52.240	1.667
52.260	3.333
52.280	4.167
52.300	2.500
52.320	5.833
52.340	3.333
52.360	4.167
52.380	5.833
52.400	5.833
52.420	0.833
52.440	5.833
52.460	7.500
52.480	7.500
52.500	7.500
52.520	1.667
52.540	7.500
52.560	4.167
52.580	5.833
52.600	4.167
52.620	8.333
52.640	3.333
52.660	3.333
52.680	6.667
52.700	7.500
52.720	4.167
52.740	5.833
52.760	2.500
52.780	5.000
52.800	3.333
52.820	5.833
52.840	6.667
52.860	3.333
52.880	4.167
52.900	3.333
52.920	5.000
52.940	4.167
52.960	4.167
52.980	5.000
53.000	6.667
53.020	1.667
53.040	8.333
53.060	6.667
53.080	1.667
53.100	0.000
53.120	3.333
53.140	5.000
53.160	6.667
53.180	3.333
53.200	4.167
53.220	10.833
53.240	3.333
53.260	3.333
53.280	5.833
53.300	6.667
53.320	3.333
53.340	3.333
53.360	5.000
53.380	5.833
53.400	4.167
53.420	5.000
53.440	5.833
53.460	5.833
53.480	5.833
53.500	3.333
53.520	5.833
53.540	5.000
53.560	5.000
53.580	7.500
53.600	4.167
53.620	5.000
53.640	3.333
53.660	5.833
53.680	2.500
53.700	6.667
53.720	2.500
53.740	7.500
53.760	4.167
53.780	3.333
53.800	1.667
53.820	2.500
53.840	5.000
53.860	5.000
53.880	5.833
53.900	4.167
53.920	7.500
53.940	7.500
53.960	4.167
53.980	5.000
54.000	5.000
54.020	3.333
54.040	2.500
54.060	7.500
54.080	4.167
54.100	5.000
54.120	3.333
54.140	5.833
54.160	2.500
54.180	4.167
54.200	7.500
54.220	5.000
54.240	5.000
54.260	2.500
54.280	4.167
54.300	2.500
54.320	4.167
54.340	1.667
54.360	4.167
54.380	2.500
54.400	8.333
54.420	7.500
54.440	0.833
54.460	5.833
54.480	4.167
54.500	5.000
54.520	8.333
54.540	3.333
54.560	7.500
54.580	5.000
54.600	3.333
54.620	1.667
54.640	5.833
54.660	4.167
54.680	4.167
54.700	5.833
54.720	5.000
54.740	5.000
54.760	7.500
54.780	8.333
54.800	6.667
54.820	4.167
54.840	2.500
54.860	5.000
54.880	5.833
54.900	6.667
54.920	5.833
54.940	6.667
54.960	5.833
54.980	4.167
55.000	8.333
55.020	5.000
55.040	6.667
55.060	7.500
55.080	4.167
55.100	5.000
55.120	4.167
55.140	7.500
55.160	8.333
55.180	4.167
55.200	7.500
55.220	5.000
55.240	5.000
55.260	9.167
55.280	3.333
55.300	7.500
55.320	5.000
55.340	2.500
55.360	1.667
55.380	3.333
55.400	3.333
55.420	2.500
55.440	3.333
55.460	5.833
55.480	4.167
55.500	5.000
55.520	2.500
55.540	5.833
55.560	5.833
55.580	3.333
55.600	1.667
55.620	5.833
55.640	3.333
55.660	2.500
55.680	4.167
55.700	8.333
55.720	6.667
55.740	5.833
55.760	5.000
55.780	7.500
55.800	4.167
55.820	7.500
55.840	7.500
55.860	1.667
55.880	10.000
55.900	4.167
55.920	8.333
55.940	2.500
55.960	5.000
55.980	5.000
56.000	4.167
56.020	3.333
56.040	5.000
56.060	6.667
56.080	4.167
56.100	2.500
56.120	4.167
56.140	5.000
56.160	3.333
56.180	3.333
56.200	3.333
56.220	4.167
56.240	4.167
56.260	3.333
56.280	4.167
56.300	3.333
56.320	2.500
56.340	7.500
56.360	2.500
56.380	1.667
56.400	10.000
56.420	3.333
56.440	2.500
56.460	5.000
56.480	5.000
56.500	5.833
56.520	3.333
56.540	6.667
56.560	2.500
56.580	6.667
56.600	2.500
56.620	3.333
56.640	3.333
56.660	5.833
56.680	2.500
56.700	3.333
56.720	8.333
56.740	3.333
56.760	5.833
56.780	9.167
56.800	5.000
56.820	5.833
56.840	5.000
56.860	1.667
56.880	4.167
56.900	3.333
56.920	7.500
56.940	9.167
56.960	3.333
56.980	3.333
57.000	4.167
57.020	6.667
57.040	5.000
57.060	2.500
57.080	6.667
57.100	2.500
57.120	5.000
57.140	4.167
57.160	7.500
57.180	5.000
57.200	4.167
57.220	4.167
57.240	5.000
57.260	6.667
57.280	7.500
57.300	4.167
57.320	3.333
57.340	8.333
57.360	4.167
57.380	5.833
57.400	5.000
57.420	6.667
57.440	4.167
57.460	6.667
57.480	5.833
57.500	4.167
57.520	1.667
57.540	4.167
57.560	3.333
57.580	4.167
57.600	7.500
57.620	5.833
57.640	4.167
57.660	6.667
57.680	3.333
57.700	6.667
57.720	4.167
57.740	3.333
57.760	10.000
57.780	4.167
57.800	8.333
57.820	1.667
57.840	5.833
57.860	5.833
57.880	0.833
57.900	4.167
57.920	5.000
57.940	4.167
57.960	5.000
57.980	3.333
58.000	6.667
58.020	5.000
58.040	2.500
58.060	5.833
58.080	0.833
58.100	6.667
58.120	2.500
58.140	7.500
58.160	7.500
58.180	5.000
58.200	2.500
58.220	5.000
58.240	3.333
58.260	3.333
58.280	3.333
58.300	5.833
58.320	2.500
58.340	7.500
58.360	4.167
58.380	5.833
58.400	6.667
58.420	4.167
58.440	3.333
58.460	4.167
58.480	8.333
58.500	1.667
58.520	2.500
58.540	4.167
58.560	7.500
58.580	4.167
58.600	2.500
58.620	5.833
58.640	5.000
58.660	6.667
58.680	8.333
58.700	5.833
58.720	4.167
58.740	8.333
58.760	3.333
58.780	3.333
58.800	6.667
58.820	6.667
58.840	7.500
58.860	4.167
58.880	4.167
58.900	5.000
58.920	5.833
58.940	4.167
58.960	8.333
58.980	6.667
59.000	7.500
59.020	4.167
59.040	5.000
59.060	8.333
59.080	5.833
59.100	5.000
59.120	8.333
59.140	4.167
59.160	5.000
59.180	5.000
59.200	5.000
59.220	5.000
59.240	4.167
59.260	5.000
59.280	7.500
59.300	7.500
59.320	6.667
59.340	8.333
59.360	8.333
59.380	7.500
59.400	5.000
59.420	3.333
59.440	6.667
59.460	3.333
59.480	1.667
59.500	4.167
59.520	5.000
59.540	1.667
59.560	7.500
59.580	3.333
59.600	1.667
59.620	5.000
59.640	2.500
59.660	6.667
59.680	5.833
59.700	5.833
59.720	5.000
59.740	3.333
59.760	3.333
59.780	1.667
59.800	2.500
59.820	8.333
59.840	4.167
59.860	4.167
59.880	5.833
59.900	4.167
59.920	3.333
59.940	2.500
59.960	4.167
59.980	5.000
60.000	4.167
60.020	2.500
60.040	3.333
60.060	3.333
60.080	2.500
60.100	5.833
60.120	2.500
60.140	5.000
60.160	3.333
60.180	3.333
60.200	5.000
60.220	1.667
60.240	5.000
60.260	1.667
60.280	5.000
60.300	4.167
60.320	5.000
60.340	7.500
60.360	6.667
60.380	5.833
60.400	3.333
60.420	8.333
60.440	6.667
60.460	5.000
60.480	8.333
60.500	5.833
60.520	5.833
60.540	5.833
60.560	4.167
60.580	3.333
60.600	5.000
60.620	4.167
60.640	6.667
60.660	5.833
60.680	4.167
60.700	3.333
60.720	5.833
60.740	6.667
60.760	5.833
60.780	1.667
60.800	3.333
60.820	2.500
60.840	3.333
60.860	5.833
60.880	3.333
60.900	6.667
60.920	5.833
60.940	5.000
60.960	7.500
60.980	7.500
61.000	4.167
61.020	5.000
61.040	5.000
61.060	2.500
61.080	4.167
61.100	5.833
61.120	4.167
61.140	6.667
61.160	3.333
61.180	4.167
61.200	3.333
61.220	9.167
61.240	4.167
61.260	6.667
61.280	2.500
61.300	7.500
61.320	6.667
61.340	4.167
61.360	5.000
61.380	5.833
61.400	5.000
61.420	5.000
61.440	1.667
61.460	2.500
61.480	4.167
61.500	5.000
61.520	3.333
61.540	6.667
61.560	4.167
61.580	4.167
61.600	3.333
61.620	8.333
61.640	4.167
61.660	1.667
61.680	3.333
61.700	1.667
61.720	5.833
61.740	6.667
61.760	5.000
61.780	5.833
61.800	3.333
61.820	5.000
61.840	5.833
61.860	3.333
61.880	5.000
61.900	5.833
61.920	3.333
61.940	2.500
61.960	2.500
61.980	4.167
62.000	5.833
62.020	5.833
62.040	4.167
62.060	4.167
62.080	5.833
62.100	7.500
62.120	5.000
62.140	3.333
62.160	5.833
62.180	5.000
62.200	4.167
62.220	1.667
62.240	5.833
62.260	5.000
62.280	2.500
62.300	5.000
62.320	5.000
62.340	2.500
62.360	6.667
62.380	4.167
62.400	6.667
62.420	2.500
62.440	4.167
62.460	5.000
62.480	5.000
62.500	4.167
62.520	4.167
62.540	5.000
62.560	5.000
62.580	4.167
62.600	3.333
62.620	5.833
62.640	5.000
62.660	5.000
62.680	6.667
62.700	5.000
62.720	5.833
62.740	2.500
62.760	1.667
62.780	4.167
62.800	5.000
62.820	4.167
62.840	1.667
62.860	4.167
62.880	5.000
62.900	5.000
62.920	4.167
62.940	6.667
62.960	4.167
62.980	5.833
63.000	2.500
63.020	3.333
63.040	5.000
63.060	5.833
63.080	0.833
63.100	2.500
63.120	5.833
63.140	6.667
63.160	5.000
63.180	3.333
63.200	6.667
63.220	4.167
63.240	6.667
63.260	2.500
63.280	2.500
63.300	4.167
63.320	5.000
63.340	5.833
63.360	3.333
63.380	3.333
63.400	5.000
63.420	5.833
63.440	2.500
63.460	5.000
63.480	3.333
63.500	2.500
63.520	1.667
63.540	5.000
63.560	3.333
63.580	4.167
63.600	3.333
63.620	8.333
63.640	3.333
63.660	5.000
63.680	5.000
63.700	1.667
63.720	4.167
63.740	3.333
63.760	7.500
63.780	4.167
63.800	4.167
63.820	5.000
63.840	0.833
63.860	1.667
63.880	7.500
63.900	3.333
63.920	2.500
63.940	4.167
63.960	9.167
63.980	1.667
64.000	5.833
64.020	5.833
64.040	5.833
64.060	3.333
64.080	2.500
64.100	4.167
64.120	3.333
64.140	1.667
64.160	5.833
64.180	6.667
64.200	5.833
64.220	8.333
64.240	3.333
64.260	6.667
64.280	4.167
64.300	4.167
64.320	5.833
64.340	2.500
64.360	5.000
64.380	3.333
64.400	6.667
64.420	2.500
64.440	3.333
64.460	2.500
64.480	5.833
64.500	5.000
64.520	1.667
64.540	3.333
64.560	3.333
64.580	3.333
64.600	3.333
64.620	5.000
64.640	2.500
64.660	5.000
64.680	6.667
64.700	8.333
64.720	3.333
64.740	8.333
64.760	5.000
64.780	4.167
64.800	5.833
64.820	1.667
64.840	3.333
64.860	7.500
64.880	6.667
64.900	4.167
64.920	4.167
64.940	5.833
64.960	6.667
64.980	3.333
65.000	5.000
65.020	3.333
65.040	0.000
65.060	3.333
65.080	4.167
65.100	2.500
65.120	1.667
65.140	2.500
65.160	5.833
65.180	5.833
65.200	2.500
65.220	4.167
65.240	7.500
65.260	1.667
65.280	2.500
65.300	2.500
65.320	3.333
65.340	4.167
65.360	6.667
65.380	5.833
65.400	7.500
65.420	3.333
65.440	8.333
65.460	5.833
65.480	5.000
65.500	8.333
65.520	5.833
65.540	9.167
65.560	2.500
65.580	1.667
65.600	6.667
65.620	6.667
65.640	5.000
65.660	2.500
65.680	5.000
65.700	6.667
65.720	9.167
65.740	5.000
65.760	2.500
65.780	6.667
65.800	3.333
65.820	5.000
65.840	3.333
65.860	1.667
65.880	5.833
65.900	5.000
65.920	7.500
65.940	6.667
65.960	7.500
65.980	4.167
66.000	7.500
66.020	7.500
66.040	5.000
66.060	3.333
66.080	5.833
66.100	5.000
66.120	5.833
66.140	0.833
66.160	5.000
66.180	7.500
66.200	3.333
66.220	5.833
66.240	5.000
66.260	3.333
66.280	4.167
66.300	7.500
66.320	2.500
66.340	10.833
66.360	1.667
66.380	3.333
66.400	4.167
66.420	6.667
66.440	3.333
66.460	4.167
66.480	5.000
66.500	1.667
66.520	5.833
66.540	3.333
66.560	4.167
66.580	1.667
66.600	7.500
66.620	2.500
66.640	4.167
66.660	2.500
66.680	4.167
66.700	3.333
66.720	5.000
66.740	8.333
66.760	4.167
66.780	5.000
66.800	4.167
66.820	5.833
66.840	2.500
66.860	5.000
66.880	2.500
66.900	5.833
66.920	5.833
66.940	8.333
66.960	3.333
66.980	1.667
67.000	9.167
67.020	6.667
67.040	6.667
67.060	1.667
67.080	4.167
67.100	3.333
67.120	3.333
67.140	2.500
67.160	6.667
67.180	5.000
67.200	3.333
67.220	4.167
67.240	5.833
67.260	3.333
67.280	5.833
67.300	4.167
67.320	4.167
67.340	4.167
67.360	4.167
67.380	5.000
67.400	4.167
67.420	2.500
67.440	5.000
67.460	5.000
67.480	8.333
67.500	5.000
67.520	3.333
67.540	5.000
67.560	9.167
67.580	4.167
67.600	4.167
67.620	5.000
67.640	4.167
67.660	0.833
67.680	4.167
67.700	2.500
67.720	3.333
67.740	7.500
67.760	4.167
67.780	9.167
67.800	5.000
67.820	4.167
67.840	6.667
67.860	1.667
67.880	2.500
67.900	2.500
67.920	2.500
67.940	5.000
67.960	2.500
67.980	4.167
68.000	9.167
68.020	9.167
68.040	5.833
68.060	4.167
68.080	0.833
68.100	4.167
68.120	4.167
68.140	1.667
68.160	4.167
68.180	1.667
68.200	8.333
68.220	5.833
68.240	5.000
68.260	5.000
68.280	5.000
68.300	1.667
68.320	5.000
68.340	5.000
68.360	6.667
68.380	4.167
68.400	5.000
68.420	4.167
68.440	5.833
68.460	1.667
68.480	5.000
68.500	4.167
68.520	2.500
68.540	4.167
68.560	1.667
68.580	5.000
68.600	4.167
68.620	6.667
68.640	5.000
68.660	5.000
68.680	1.667
68.700	1.667
68.720	6.667
68.740	5.833
68.760	3.333
68.780	4.167
68.800	0.833
68.820	0.833
68.840	6.667
68.860	3.333
68.880	5.000
68.900	4.167
68.920	6.667
68.940	4.167
68.960	0.833
68.980	2.500
69.000	5.000
69.020	2.500
69.040	0.833
69.060	6.667
69.080	6.667
69.100	2.500
69.120	1.667
69.140	6.667
69.160	4.167
69.180	5.833
69.200	5.000
69.220	3.333
69.240	0.833
69.260	2.500
69.280	5.000
69.300	7.500
69.320	5.833
69.340	1.667
69.360	1.667
69.380	4.167
69.400	7.500
69.420	4.167
69.440	4.167
69.460	3.333
69.480	5.833
69.500	5.000
69.520	3.333
69.540	4.167
69.560	5.000
69.580	1.667
69.600	5.000
69.620	3.333
69.640	1.667
69.660	4.167
69.680	6.667
69.700	2.500
69.720	5.833
69.740	3.333
69.760	3.333
69.780	3.333
69.800	6.667
69.820	9.167
69.840	1.667
69.860	6.667
69.880	1.667
69.900	6.667
69.920	5.000
69.940	7.500
69.960	7.500
69.980	3.333
70.000	6.667
